xn = [0,0.130526,0.258819,0.382683,0.5,0.608761,0.707106,0.793353,0.866025,0.923879,0.965926,0.991445,1,0.991445,0.965926,0.92388,0.866026,0.793355,0.707108,0.608763,0.500002,0.382686,0.258821,0.130529,2.65359e-06,-0.130523,-0.258816,-0.382681,-0.499997,-0.608759,-0.707104,-0.793351,-0.866024,-0.923878,-0.965925,-0.991444,-1,-0.991445,-0.965927,-0.923881,-0.866028,-0.793356,-0.70711,-0.608765,-0.500004,-0.382688,-0.258824,-0.130531,-5.30718e-06,0.130521,0.258814,0.382678,0.499995,0.608757,0.707103,0.79335,0.866022,0.923877,0.965924,0.991444,1,0.991446,0.965928,0.923882,0.866029,0.793358,0.707112,0.608767,0.500006,0.38269,0.258827,0.130534,7.96077e-06,-0.130518,-0.258811,-0.382676,-0.499993,-0.608755,-0.707101,-0.793348,-0.866021,-0.923876,-0.965923,-0.991444,-1,-0.991446,-0.965928,-0.923883,-0.86603,-0.793359,-0.707114,-0.608769,-0.500009,-0.382693,-0.258829,-0.130537,-1.06144e-05,0.130516,0.258809,0.382673,0.49999,0.608753,0.707099,0.793346,0.86602,0.923875,0.965923,0.991443,1,0.991446,0.965929,0.923884,0.866032,0.793361,0.707116,0.608772,0.500011,0.382695,0.258832,0.130539,1.32679e-05,-0.130513,-0.258806,-0.382671,-0.499988,-0.60875,-0.707097,-0.793345,-0.866018,-0.923874,-0.965922,-0.991443,-1,-0.991447,-0.96593,-0.923885,-0.866033,-0.793363,-0.707118,-0.608774,-0.500013,-0.382698,-0.258834,-0.130542,-1.59215e-05,0.13051,0.258803,0.382668,0.499986,0.608748,0.707095,0.793343,0.866017,0.923873,0.965921,0.991443,1,0.991447,0.96593,0.923886,0.866034,0.793364,0.707119,0.608776,0.500016,0.3827,0.258837,0.130544,1.85751e-05,-0.130508,-0.258801,-0.382666,-0.499984,-0.608746,-0.707093,-0.793342,-0.866016,-0.923872,-0.965921,-0.991442,-1,-0.991447,-0.965931,-0.923887,-0.866036,-0.793366,-0.707121,-0.608778,-0.500018,-0.382703,-0.258839,-0.130547,-2.12287e-05,0.130505,0.258798,0.382664,0.499981,0.608744,0.707091,0.79334,0.866014,0.923871,0.96592,0.991442,1,0.991448,0.965932,0.923888,0.866037,0.793367,0.707123,0.60878,0.50002,0.382705,0.258842,0.13055,2.38823e-05,-0.130502,-0.258796,-0.382661,-0.499979,-0.608742,-0.707089,-0.793338,-0.866013,-0.92387,-0.965919,-0.991442,-1,-0.991448,-0.965932,-0.923889,-0.866038,-0.793369,-0.707125,-0.608782,-0.500023,-0.382708,-0.258844,-0.130552,-2.65359e-05,0.1305,0.258793,0.382659,0.499977,0.60874,0.707088,0.793337,0.866012,0.923869,0.965919,0.991441,1,0.991449,0.965933,0.92389,0.86604,0.793371,0.707127,0.608784,0.500025,0.38271,0.258847,0.130555,2.91895e-05,-0.130497,-0.258791,-0.382656,-0.499974,-0.608738,-0.707086,-0.793335,-0.86601,-0.923868,-0.965918,-0.991441,-1,-0.991449,-0.965934,-0.923891,-0.866041,-0.793372,-0.707129,-0.608786,-0.500027,-0.382713,-0.25885,-0.130558,-3.18431e-05,0.130495,0.258788,0.382654,0.499972,0.608736,0.707084,0.793333,0.866009,0.923867,0.965917,0.991441,1,0.991449,0.965934,0.923892,0.866042,0.793374,0.707131,0.608788,0.50003,0.382715,0.258852,0.13056,3.44967e-05,-0.130492,-0.258786,-0.382651,-0.49997,-0.608734,-0.707082,-0.793332,-0.866008,-0.923866,-0.965917,-0.99144,-1,-0.99145,-0.965935,-0.923893,-0.866044,-0.793375,-0.707133,-0.60879,-0.500032,-0.382717,-0.258855,-0.130563,-3.71503e-05,0.130489,0.258783,0.382649,0.499967,0.608732,0.70708,0.79333,0.866006,0.923865,0.965916,0.99144,1,0.99145,0.965936,0.923894,0.866045,0.793377,0.707134,0.608793,0.500034,0.38272,0.258857,0.130566,3.98038e-05,-0.130487,-0.25878,-0.382646,-0.499965,-0.608729,-0.707078,-0.793329,-0.866005,-0.923864,-0.965915,-0.99144,-1,-0.99145,-0.965937,-0.923895,-0.866046,-0.793379,-0.707136,-0.608795,-0.500036,-0.382722,-0.25886,-0.130568,-4.24574e-05,0.130484,0.258778,0.382644,0.499963,0.608727,0.707076,0.793327,0.866004,0.923863,0.965915,0.991439,1,0.991451,0.965937,0.923896,0.866048,0.79338,0.707138,0.608797,0.500039,0.382725,0.258862,0.130571,4.5111e-05,-0.130481,-0.258775,-0.382641,-0.499961,-0.608725,-0.707074,-0.793325,-0.866002,-0.923862,-0.965914,-0.991439,-1,-0.991451,-0.965938,-0.923897,-0.866049,-0.793382,-0.70714,-0.608799,-0.500041,-0.382727,-0.258865,-0.130573,-4.77646e-05,0.130479,0.258773,0.382639,0.499958,0.608723,0.707073,0.793324,0.866001,0.923861,0.965913,0.991438,1,0.991451,0.965939,0.923898,0.86605,0.793384,0.707142,0.608801,0.500043,0.38273,0.258868,0.130576,5.04182e-05,-0.130476,-0.25877,-0.382637,-0.499956,-0.608721,-0.707071,-0.793322,-0.866,-0.92386,-0.965912,-0.991438,-1,-0.991452,-0.965939,-0.923899,-0.866051,-0.793385,-0.707144,-0.608803,-0.500046,-0.382732,-0.25887,-0.130579,-5.30718e-05,0.130473,0.258768,0.382634,0.499954,0.608719,0.707069,0.793321,0.865998,0.923859,0.965912,0.991438,1,0.991452,0.96594,0.9239,0.866053,0.793387,0.707146,0.608805,0.500048,0.382735,0.258873,0.130581,5.57254e-05,-0.130471,-0.258765,-0.382632,-0.499951,-0.608717,-0.707067,-0.793319,-0.865997,-0.923858,-0.965911,-0.991437,-1,-0.991452,-0.965941,-0.923901,-0.866054,-0.793388,-0.707148,-0.608807,-0.50005,-0.382737,-0.258875,-0.130584,-5.8379e-05,0.130468,0.258762,0.382629,0.499949,0.608715,0.707065,0.793317,0.865996,0.923857,0.96591,0.991437,1,0.991453,0.965941,0.923903,0.866055,0.79339,0.707149,0.608809,0.500052,0.38274,0.258878,0.130587,6.10326e-05,-0.130466,-0.25876,-0.382627,-0.499947,-0.608713,-0.707063,-0.793316,-0.865994,-0.923856,-0.96591,-0.991437,-1,-0.991453,-0.965942,-0.923904,-0.866057,-0.793392,-0.707151,-0.608811,-0.500055,-0.382742,-0.25888,-0.130589,-6.36862e-05,0.130463,0.258757,0.382624,0.499944,0.60871,0.707061,0.793314,0.865993,0.923855,0.965909,0.991436,1,0.991453,0.965943,0.923905,0.866058,0.793393,0.707153,0.608814,0.500057,0.382744,0.258883,0.130592,6.63397e-05,-0.13046,-0.258755,-0.382622,-0.499942,-0.608708,-0.707059,-0.793312,-0.865992,-0.923854,-0.965908,-0.991436,-1,-0.991454,-0.965943,-0.923906,-0.866059,-0.793395,-0.707155,-0.608816,-0.500059,-0.382747,-0.258885,-0.130594,-6.89933e-05,0.130458,0.258752,0.382619,0.49994,0.608706,0.707058,0.793311,0.86599,0.923853,0.965908,0.991436,1,0.991454,0.965944,0.923907,0.866061,0.793396,0.707157,0.608818,0.500062,0.382749,0.258888,0.130597,7.16469e-05,-0.130455,-0.25875,-0.382617,-0.499938,-0.608704,-0.707056,-0.793309,-0.865989,-0.923852,-0.965907,-0.991435,-1,-0.991454,-0.965945,-0.923908,-0.866062,-0.793398,-0.707159,-0.60882,-0.500064,-0.382752,-0.258891,-0.1306,-7.43005e-05,0.130452,0.258747,0.382614,0.499935,0.608702,0.707054,0.793308,0.865988,0.923851,0.965906,0.991435,1,0.991455,0.965945,0.923909,0.866063,0.7934,0.707161,0.608822,0.500066,0.382754,0.258893,0.130602,7.69541e-05,-0.13045,-0.258745,-0.382612,-0.499933,-0.6087,-0.707052,-0.793306,-0.865986,-0.92385,-0.965906,-0.991435,-1,-0.991455,-0.965946,-0.92391,-0.866065,-0.793401,-0.707163,-0.608824,-0.500069,-0.382757,-0.258896,-0.130605,-7.96077e-05,0.130447,0.258742,0.38261,0.499931,0.608698,0.70705,0.793304,0.865985,0.923849,0.965905,0.991434,1,0.991455,0.965947,0.923911,0.866066,0.793403,0.707164,0.608826,0.500071,0.382759,0.258898,0.130608,8.22613e-05,-0.130445,-0.258739,-0.382607,-0.499928,-0.608696,-0.707048,-0.793303,-0.865984,-0.923848,-0.965904,-0.991434,-1,-0.991456,-0.965948,-0.923912,-0.866067,-0.793405,-0.707166,-0.608828,-0.500073,-0.382762,-0.258901,-0.13061,-8.49149e-05,0.130442,0.258737,0.382605,0.499926,0.608694,0.707046,0.793301,0.865982,0.923847,0.965904,0.991434,1,0.991456,0.965948,0.923913,0.866069,0.793406,0.707168,0.60883,0.500075,0.382764,0.258903,0.130613,8.75685e-05,-0.130439,-0.258734,-0.382602,-0.499924,-0.608692,-0.707044,-0.7933,-0.865981,-0.923846,-0.965903,-0.991433,-1,-0.991456,-0.965949,-0.923914,-0.86607,-0.793408,-0.70717,-0.608833,-0.500078,-0.382766,-0.258906,-0.130616,-9.02221e-05,0.130437,0.258732,0.3826,0.499921,0.608689,0.707043,0.793298,0.86598,0.923845,0.965902,0.991433,1,0.991457,0.96595,0.923915,0.866071,0.793409,0.707172,0.608835,0.50008,0.382769,0.258909,0.130618,9.28756e-05,-0.130434,-0.258729,-0.382597,-0.499919,-0.608687,-0.707041,-0.793296,-0.865979,-0.923844,-0.965901,-0.991433,-1,-0.991457,-0.96595,-0.923916,-0.866073,-0.793411,-0.707174,-0.608837,-0.500082,-0.382771,-0.258911,-0.130621,-9.55292e-05,0.130431,0.258727,