yn = [0,0.349796,0.580753,0.66454,0.594978,0.388918,0.083633,-0.268887,-0.609871,-0.882718,-1.04163,-1.05855,-0.927453,-0.665244,-0.309142,0.0889851,0.470547,0.779177,0.969334,1.01326,0.905245,0.662491,0.322544,-0.0624151,-0.433488,-0.734011,-0.91816,-0.957914,-0.847303,-0.603307,-0.263256,0.120862,0.490326,0.788629,0.970087,1.0068,0.892909,0.645483,0.301933,-0.0856883,-0.458603,-0.760259,-0.944937,-0.984712,-0.8737,-0.628959,-0.28789,0.0974572,0.468305,0.768098,0.951112,0.989411,0.877105,0.631239,0.289202,-0.0969671,-0.468504,-0.768865,-0.952337,-0.990997,-0.878965,-0.633296,-0.291391,0.0947031,0.466214,0.766589,0.950109,0.988845,0.876908,0.631351,0.289568,-0.0963964,-0.467774,-0.768015,-0.951401,-0.990006,-0.877943,-0.632266,-0.290369,0.0957029,0.46718,0.767514,0.950985,0.989667,0.877673,0.632057,0.290215,-0.0958104,-0.467247,-0.767547,-0.95099,-0.989649,-0.877636,-0.632005,-0.290151,0.0958833,0.467327,0.767631,0.951077,0.989737,0.877724,0.632092,0.290235,-0.0958033,-0.467252,-0.767562,-0.951014,-0.98968,-0.877673,-0.632047,-0.290195,0.0958381,0.467282,0.767588,0.951037,0.989701,0.877692,0.632063,0.290209,-0.0958265,-0.467273,-0.767582,-0.951034,-0.989699,-0.877693,-0.632066,-0.290213,0.0958217,0.467268,0.767577,0.951029,0.989696,0.87769,0.632064,0.290212,-0.095823,-0.46727,-0.767579,-0.951032,-0.989699,-0.877694,-0.632069,-0.290217,0.0958179,0.467265,0.767575,0.951029,0.989698,0.877694,0.63207,0.290218,-0.0958163,-0.467264,-0.767574,-0.951029,-0.989699,-0.877696,-0.632072,-0.290221,0.0958133,0.467261,0.767573,0.951028,0.989699,0.877697,0.632074,0.290224,-0.0958104,-0.467258,-0.767571,-0.951027,-0.989699,-0.877698,-0.632076,-0.290226,0.0958082,0.467256,0.767569,0.951027,0.989699,0.877699,0.632078,0.290229,-0.0958055,-0.467254,-0.767568,-0.951026,-0.9897,-0.877701,-0.63208,-0.290231,0.0958029,0.467252,0.767566,0.951025,0.9897,0.877702,0.632082,0.290234,-0.0958002,-0.467249,-0.767564,-0.951024,-0.9897,-0.877703,-0.632084,-0.290236,0.0957974,0.467247,0.767562,0.951024,0.9897,0.877704,0.632086,0.290239,-0.095795,-0.467245,-0.767561,-0.951023,-0.989701,-0.877706,-0.632088,-0.290241,0.0957924,0.467242,0.767559,0.951022,0.989701,0.877707,0.63209,0.290244,-0.0957896,-0.46724,-0.767557,-0.951021,-0.989701,-0.877708,-0.632092,-0.290246,0.095787,0.467238,0.767556,0.95102,0.989701,0.877709,0.632094,0.290249,-0.0957845,-0.467235,-0.767554,-0.95102,-0.989702,-0.87771,-0.632096,-0.290251,0.0957821,0.467233,0.767553,0.951019,0.989702,0.877712,0.632099,0.290254,-0.0957789,-0.46723,-0.76755,-0.951018,-0.989702,-0.877713,-0.6321,-0.290256,0.0957766,0.467228,0.767549,0.951017,0.989702,0.877714,0.632102,0.290259,-0.0957743,-0.467226,-0.767548,-0.951017,-0.989703,-0.877716,-0.632105,-0.290261,0.0957713,0.467224,0.767546,0.951016,0.989703,0.877717,0.632107,0.290264,-0.0957685,-0.467221,-0.767544,-0.951015,-0.989703,-0.877718,-0.632108,-0.290266,0.0957663,0.467219,0.767543,0.951015,0.989704,0.87772,0.632111,0.290269,-0.0957633,-0.467217,-0.767541,-0.951014,-0.989704,-0.87772,-0.632113,-0.290271,0.095761,0.467215,0.767539,0.951013,0.989704,0.877722,0.632115,0.290274,-0.0957583,-0.467212,-0.767537,-0.951012,-0.989704,-0.877723,-0.632117,-0.290277,0.0957555,0.46721,0.767536,0.951011,0.989704,0.877724,0.632119,0.290279,-0.095753,-0.467207,-0.767534,-0.951011,-0.989705,-0.877726,-0.632121,-0.290281,0.0957504,0.467205,0.767532,0.95101,0.989705,0.877727,0.632123,0.290284,-0.0957475,-0.467203,-0.76753,-0.951009,-0.989705,-0.877728,-0.632125,-0.290287,0.0957451,0.4672,0.767529,0.951008,0.989706,0.877729,0.632127,0.290289,-0.0957423,-0.467198,-0.767527,-0.951007,-0.989706,-0.87773,-0.632129,-0.290291,0.09574,0.467196,0.767526,0.951007,0.989706,0.877732,0.632131,0.290294,-0.095737,-0.467193,-0.767524,-0.951006,-0.989706,-0.877733,-0.632133,-0.290297,0.0957345,0.467191,0.767522,0.951005,0.989706,0.877734,0.632135,0.290299,-0.095732,-0.467189,-0.767521,-0.951005,-0.989707,-0.877735,-0.632137,-0.290302,0.0957294,0.467187,0.767519,0.951004,0.989707,0.877737,0.632139,0.290304,-0.0957265,-0.467184,-0.767517,-0.951003,-0.989707,-0.877738,-0.632141,-0.290307,0.095724,0.467182,0.767515,0.951002,0.989707,0.877739,0.632143,0.290309,-0.0957216,-0.46718,-0.767514,-0.951001,-0.989708,-0.877741,-0.632145,-0.290312,0.0957189,0.467177,0.767512,0.951001,0.989708,0.877742,0.632147,0.290315,-0.095716,-0.467175,-0.76751,-0.951,-0.989708,-0.877743,-0.632149,-0.290317,0.0957138,0.467173,0.767509,0.950999,0.989709,0.877744,0.632152,0.29032,-0.0957106,-0.46717,-0.767507,-0.950998,-0.989709,-0.877745,-0.632153,-0.290322,0.0957084,0.467168,0.767505,0.950997,0.989709,0.877747,0.632155,0.290324,-0.0957058,-0.467166,-0.767504,-0.950997,-0.989709,-0.877748,-0.632158,-0.290327,0.095703,0.467163,0.767502,0.950996,0.98971,0.877749,0.63216,0.29033,-0.0957003,-0.467161,-0.7675,-0.950995,-0.98971,-0.87775,-0.632161,-0.290332,0.0956979,0.467159,0.767499,0.950994,0.98971,0.877752,0.632164,0.290334,-0.0956952,-0.467156,-0.767497,-0.950994,-0.98971,-0.877753,-0.632166,-0.290337,0.0956924,0.467154,0.767495,0.950993,0.98971,0.877754,0.632167,0.290339,-0.0956901,-0.467152,-0.767494,-0.950992,-0.989711,-0.877755,-0.63217,-0.290342,0.0956873,0.467149,0.767492,0.950991,0.989711,0.877757,0.632172,0.290345,-0.0956845,-0.467147,-0.76749,-0.95099,-0.989711,-0.877758,-0.632173,-0.290347,0.0956823,0.467145,0.767489,0.95099,0.989712,0.877759,0.632176,0.29035,-0.095679,-0.467142,-0.767487,-0.950989,-0.989711,-0.87776,-0.632177,-0.290352,0.095677,0.46714,0.767485,0.950988,0.989712,0.877761,0.63218,0.290355,-0.0956742,-0.467138,-0.767484,-0.950988,-0.989712,-0.877763,-0.632182,-0.290357,0.0956716,0.467135,0.767482,0.950987,0.989713,0.877764,0.632184,0.29036,-0.0956689,-0.467133,-0.76748,-0.950986,-0.989713,-0.877765,-0.632186,-0.290362,0.0956661,0.46713,0.767478,0.950985,0.989713,0.877766,0.632188,0.290365,-0.0956638,-0.467128,-0.767477,-0.950985,-0.989714,-0.877768,-0.63219,-0.290368,0.0956609,0.467126,0.767475,0.950984,0.989713,0.877769,0.632192,0.29037,-0.0956586,-0.467124,-0.767474,-0.950983,-0.989714,-0.87777,-0.632194,-0.290373,0.0956556,0.467121,0.767472,0.950982,0.989714,0.877771,0.632196,0.290375,-0.0956531,-0.467119,-0.76747,-0.950981,-0.989714,-0.877773,-0.632198,-0.290377,0.0956507,0.467117,0.767469,0.950981,0.989715,0.877774,0.6322,0.29038,-0.0956477,-0.467114,-0.767467,-0.95098,-0.989715,-0.877775,-0.632202,-0.290382,0.0956456,0.467112,0.767466,0.950979,0.989715,0.877777,0.632205,0.290385,-0.0956425,-0.467109,-0.767463,-0.950978,-0.989715,-0.877778,-0.632206,-0.290388,0.0956399,0.467107,0.767462,0.950977,0.989715,0.877779,0.632208,0.29039,-0.0956378,-0.467105,-0.767461,-0.950977,-0.989716,-0.87778,-0.632211,-0.290393,0.0956345,0.467102,0.767458,0.950976,0.989716,0.877781,0.632212,0.290395,-0.0956322,-0.4671,-0.767457,-0.950975,-0.989716,-0.877783,-0.632214,-0.290398,0.0956295,0.467098,0.767455,0.950974,0.989717,0.877784,0.632216,0.2904,-0.095627,-0.467096,-0.767454,-0.950974,-0.989717,-0.877785,-0.632219,-0.290403,0.0956241,0.467093,0.767452,0.950973,0.989717,0.877786,0.632221,0.290405,-0.0956217,-0.467091,-0.76745,-0.950972,-0.989717,-0.877787,-0.632223,-0.290408,0.0956191,0.467089,0.767449,0.950971,0.989718,0.877789,0.632225,0.29041,-0.0956163,-0.467086,-0.767447,-0.95097,-0.989718,-0.87779,-0.632227,-0.290413,0.0956137,0.467084,0.767445,0.95097,0.989718,0.877791,0.632229,0.290415,-0.0956113,-0.467082,-0.767443,-0.950969,-0.989718,-0.877792,-0.632231,-0.290418,0.0956086,0.467079,0.767442,0.950968,0.989719,0.877794,0.632233,0.290421,-0.0956054,-0.467077,-0.76744,-0.950967,-0.989719,-0.877795,-0.632235,-0.290423,0.0956035,0.467075,0.767439,0.950967,0.989719,0.877796,0.632237,0.290426,-0.0956004,-0.467072,-0.767437,-0.950966,-0.989719,-0.877797,-0.632239,-0.290428,0.0955979,0.46707,0.767435,0.950965,0.989719,0.877798,0.632241,0.29043,-0.0955958,-0.467068,-0.767434,-0.950965,-0.98972,-0.8778,-0.632243,-0.290433,0.0955923,0.467065,0.767431,0.950963,0.98972,0.877801,0.632245,0.290435,-0.0955903,-0.467063,-0.76743,-0.950963,